
code
Z34.8  
Z34  
Z34.8  
Z34  
Z34.9  
Z34.0  
Z34.9  
Z34.0  
03
03
05
05
07
07
09
09
11
11
12
12
13
13
14
14
15
15
20
20
22
22
33
33
49
49
50
50
52
52
53
53
57
57
71
71
72
72
91.46
9940
424441002
424441002
424619006
424619006
90801
90801
90801
90801
90801
90802
90802
90802
90802
90802
90804
90804
90804
90804
90804
90805
90805
90805
90805
90805
90806
90806
90806
90806
90806
90807
90807
90807
90807
90807
90808
90808
90808
90808
90808
90809
90809
90809
90809
90809
90810
90810
90810
90810
90811
90811
90811
90811
90812
90812
90812
90812
90813
90813
90813
90813
90814
90814
90814
90814
90815
90815
90815
90815
90816
90816
90817
90817
90818
90818
90819
90819
90821
90821
90822
90822
90823
90823
90824
90824
90826
90826
90827
90827
90828
90828
90829
90829
90845
90845
90845
90845
90847
90847
90849
90849
90853
90853
90857
90857
90862
90862
90862
90862
90875
90875
90876
90876
92002
92002
92002
92002
92002
92002
92002
92002
92002
92002
92003
92003
92003
92003
92003
92003
92003
92004
92004
92004
92004
92004
92004
92004
92004
92004
92004
92005
92005
92005
92005
92005
92005
92005
92006
92006
92006
92006
92006
92006
92006
92007
92007
92007
92007
92007
92007
92007
92008
92008
92008
92008
92008
92008
92008
92009
92009
92009
92009
92009
92009
92009
92010
92010
92010
92010
92010
92010
92010
92011
92011
92011
92011
92011
92011
92011
92012
92012
92012
92012
92012
92012
92012
92012
92012
92012
92013
92013
92013
92013

code
92013
92013
92013
92014
92014
92014
92014
92014
92014
92014
92014
92014
92014
96150
96150
96152
96152
97001
97003
97003
97003
97004
97004
97802
97803
98925
98926
98927
98928
98929
98940
98941
98942
98960
98960
98960
98961
98961
98962
98962
99078
99078
99201
99201
99201
99201
99201
99201
99201
99201
99201
99201
99201
99201
99201
99201
99201
99201
99201
99201
99201
99201
99201
99201
99201
99201
99201
99201
99201
99201
99201
99201
99201
99201
99201
99201
99201
99201
99201
99201
99201
99201
99201
99201
99202
99202
99202
99202
99202
99202
99202
99202
99202
99202
99202
99202
99202
99202
99202
99202
99202
99202
99202
99202
99202
99202
99202
99202
99202
99202
99202
99202
99202
99202
99202
99202
99202
99202
99202
99202
99202
99202
99202
99202
99202
99202
99203
99203
99203
99203
99203
99203
99203
99203
99203
99203
99203
99203
99203
99203
99203
99203
99203
99203
99203
99203
99203
99203
99203
99203
99203
99203
99203
99203
99203
99203
99203
99203
99203
99203
99203
99203
99203
99203
99203
99203
99203
99203
99204
99204
99204
99204
99204
99204
99204
99204
99204
99204
99204
99204
99204
99204
99204
99204
99204
99204
99204
99204
99204
99204
99204
99204
99204
99204
99204
99204
99204
99204
99204
99204
99204
99204
99204
99204
99204
99204
99204
99204
99204
99204
99205
99205
99205
99205
99205
99205
99205
99205
99205
99205
99205
99205
99205
99205
99205
99205
99205
99205
99205
99205
99205
99205
99205
99205
99205
99205
99205
99205
99205
99205
99205
99205
99205
99205
99205
99205
99205
99205
99205
99205

code
99205
99205
99211
99211
99211
99211
99211
99211
99211
99211
99211
99211
99211
99211
99211
99211
99211
99211
99211
99211
99211
99211
99211
99211
99211
99211
99211
99212
99212
99212
99212
99212
99212
99212
99212
99212
99212
99212
99212
99212
99212
99212
99212
99212
99212
99212
99212
99212
99212
99212
99212
99212
99212
99212
99212
99212
99212
99212
99212
99212
99212
99212
99212
99212
99212
99212
99212
99212
99212
99213
99213
99213
99213
99213
99213
99213
99213
99213
99213
99213
99213
99213
99213
99213
99213
99213
99213
99213
99213
99213
99213
99213
99213
99213
99213
99213
99213
99213
99213
99213
99213
99213
99213
99213
99213
99213
99213
99213
99213
99213
99213
99214
99214
99214
99214
99214
99214
99214
99214
99214
99214
99214
99214
99214
99214
99214
99214
99214
99214
99214
99214
99214
99214
99214
99214
99214
99214
99214
99214
99214
99214
99214
99214
99214
99214
99214
99214
99214
99214
99214
99214
99214
99214
99215
99215
99215
99215
99215
99215
99215
99215
99215
99215
99215
99215
99215
99215
99215
99215
99215
99215
99215
99215
99215
99215
99215
99215
99215
99215
99215
99215
99215
99215
99215
99215
99215
99215
99215
99215
99215
99215
99215
99215
99215
99215
99217
99217
99217
99217
99217
99217
99217
99217
99217
99217
99217
99217
99217
99217
99217
99217
99217
99217
99217
99217
99217
99217
99217
99217
99218
99218
99218
99218
99218
99218
99218
99218
99218
99218
99218
99218
99218
99218
99218
99218
99218
99218
99218
99218
99218
99218
99218
99218
99219
99219
99219
99219
99219
99219
99219

code
99219
99219
99219
99219
99219
99219
99219
99219
99219
99219
99219
99219
99219
99219
99219
99219
99219
99220
99220
99220
99220
99220
99220
99220
99220
99220
99220
99220
99220
99220
99220
99220
99220
99220
99220
99220
99220
99220
99220
99220
99220
99221
99221
99221
99221
99221
99221
99221
99221
99221
99221
99221
99221
99221
99221
99221
99222
99222
99222
99222
99222
99222
99222
99222
99222
99222
99222
99222
99222
99222
99222
99223
99223
99223
99223
99223
99223
99223
99223
99223
99223
99223
99223
99223
99223
99223
99231
99231
99231
99231
99231
99231
99231
99231
99231
99231
99231
99231
99231
99231
99231
99232
99232
99232
99232
99232
99232
99232
99232
99232
99232
99232
99232
99232
99232
99232
99233
99233
99233
99233
99233
99233
99233
99233
99233
99233
99233
99233
99233
99233
99233
99238
99238
99238
99238
99238
99238
99238
99238
99238
99238
99238
99238
99238
99238
99238
99238
99238
99238
99239
99239
99239
99239
99239
99239
99239
99239
99239
99239
99239
99239
99239
99239
99239
99239
99239
99239
99241
99241
99241
99241
99241
99241
99241
99241
99241
99241
99241
99241
99241
99241
99241
99241
99241
99241
99241
99241
99241
99241
99241
99241
99241
99241
99241
99241
99241
99241
99241
99241
99241
99241
99241
99241
99241
99242
99242
99242
99242
99242
99242
99242
99242
99242
99242
99242
99242
99242
99242
99242
99242
99242
99242
99242
99242
99242
99242
99242
99242
99242
99242
99242
99242
99242
99242
99242
99242
99242
99242
99242
99242
99242
99243
99243
99243
99243
99243
99243
99243
99243
99243

code
99243
99243
99243
99243
99243
99243
99243
99243
99243
99243
99243
99243
99243
99243
99243
99243
99243
99243
99243
99243
99243
99243
99243
99243
99243
99243
99243
99243
99244
99244
99244
99244
99244
99244
99244
99244
99244
99244
99244
99244
99244
99244
99244
99244
99244
99244
99244
99244
99244
99244
99244
99244
99244
99244
99244
99244
99244
99244
99244
99244
99244
99244
99244
99244
99244
99245
99245
99245
99245
99245
99245
99245
99245
99245
99245
99245
99245
99245
99245
99245
99245
99245
99245
99245
99245
99245
99245
99245
99245
99245
99245
99245
99245
99245
99245
99245
99245
99245
99245
99245
99245
99245
99251
99251
99251
99251
99251
99251
99251
99251
99251
99251
99251
99251
99251
99251
99251
99252
99252
99252
99252
99252
99252
99252
99252
99252
99252
99252
99252
99252
99252
99252
99253
99253
99253
99253
99253
99253
99253
99253
99253
99253
99253
99253
99253
99253
99253
99254
99254
99254
99254
99254
99254
99254
99254
99254
99254
99254
99254
99254
99254
99254
99255
99255
99255
99255
99255
99255
99255
99255
99255
99255
99255
99255
99255
99255
99255
99281
99281
99281
99281
99281
99281
99281
99281
99281
99281
99281
99281
99282
99282
99282
99282
99282
99282
99282
99282
99282
99282
99282
99282
99283
99283
99283
99283
99283
99283
99283
99283
99283
99283
99283
99283
99284
99284
99284
99284
99284
99284
99284
99284
99284
99284
99284
99284
99285
99285
99285
99285
99285
99285
99285
99285
99285
99285
99285
99285
99291
99291
99291
99291
99291
99291
99291
99291
99291
99291
99291
99291
99291

code
99304
99304
99304
99304
99304
99304
99304
99304
99304
99304
99304
99304
99304
99304
99304
99304
99304
99304
99304
99304
99305
99305
99305
99305
99305
99305
99305
99305
99305
99305
99305
99305
99305
99305
99305
99305
99305
99305
99305
99305
99306
99306
99306
99306
99306
99306
99306
99306
99306
99306
99306
99306
99306
99306
99306
99306
99306
99306
99306
99306
99307
99307
99307
99307
99307
99307
99307
99307
99307
99307
99307
99307
99307
99307
99307
99307
99307
99307
99307
99307
99308
99308
99308
99308
99308
99308
99308
99308
99308
99308
99308
99308
99308
99308
99308
99308
99308
99308
99308
99308
99309
99309
99309
99309
99309
99309
99309
99309
99309
99309
99309
99309
99309
99309
99309
99309
99309
99309
99309
99309
99310
99310
99310
99310
99310
99310
99310
99310
99310
99310
99310
99310
99310
99310
99310
99310
99310
99310
99310
99310
99315
99315
99315
99315
99315
99315
99315
99315
99315
99315
99316
99316
99316
99316
99316
99316
99316
99316
99316
99316
99318
99318
99318
99318
99318
99318
99318
99318
99318
99324
99324
99324
99324
99324
99324
99324
99324
99324
99324
99324
99324
99324
99324
99324
99324
99324
99324
99324
99324
99324
99325
99325
99325
99325
99325
99325
99325
99325
99325
99325
99325
99325
99325
99325
99325
99325
99325
99325
99325
99325
99325
99326
99326
99326
99326
99326
99326
99326
99326
99326
99326
99326
99326
99326
99326
99326
99326
99326
99326
99326
99326
99326
99327
99327
99327
99327
99327
99327
99327
99327
99327
99327
99327
99327
99327
99327
99327
99327
99327
99327

code
99327
99327
99327
99328
99328
99328
99328
99328
99328
99328
99328
99328
99328
99328
99328
99328
99328
99328
99328
99328
99328
99328
99328
99328
99334
99334
99334
99334
99334
99334
99334
99334
99334
99334
99334
99334
99334
99334
99334
99334
99334
99334
99334
99334
99334
99335
99335
99335
99335
99335
99335
99335
99335
99335
99335
99335
99335
99335
99335
99335
99335
99335
99335
99335
99335
99335
99336
99336
99336
99336
99336
99336
99336
99336
99336
99336
99336
99336
99336
99336
99336
99336
99336
99336
99336
99336
99336
99337
99337
99337
99337
99337
99337
99337
99337
99337
99337
99337
99337
99337
99337
99337
99337
99337
99337
99337
99337
99337
99341
99341
99341
99341
99341
99341
99341
99341
99341
99341
99341
99341
99341
99341
99341
99341
99341
99341
99341
99341
99341
99341
99341
99341
99341
99341
99341
99341
99341
99341
99341
99341
99341
99342
99342
99342
99342
99342
99342
99342
99342
99342
99342
99342
99342
99342
99342
99342
99342
99342
99342
99342
99342
99342
99342
99342
99342
99342
99342
99342
99342
99342
99342
99342
99342
99342
99343
99343
99343
99343
99343
99343
99343
99343
99343
99343
99343
99343
99343
99343
99343
99343
99343
99343
99343
99343
99343
99343
99343
99343
99343
99343
99343
99343
99343
99343
99343
99343
99343
99344
99344
99344
99344
99344
99344
99344
99344
99344
99344
99344
99344
99344
99344
99344
99344
99344
99344
99344
99344
99344
99344
99344
99344
99344
99344
99344
99344
99344
99344
99344
99344
99344
99345
99345
99345
99345
99345
99345
99345
99345
99345
99345

code
99345
99345
99345
99345
99345
99345
99345
99345
99345
99345
99345
99345
99345
99345
99345
99345
99345
99345
99345
99345
99345
99345
99345
99347
99347
99347
99347
99347
99347
99347
99347
99347
99347
99347
99347-99350
99347-99350
99347-99350
99347-99350
99347-99350
99347-99350
99347-99350
99347-99350
99347-99350
99347-99350
99347-99350
99347-99350
99347-99350
99347-99350
99347-99350
99347-99350
99347-99350
99347-99350
99347-99350
99347-99350
99347-99350
99347-99350
99348
99348
99348
99348
99348
99348
99348
99348
99348
99348
99348
99349
99349
99349
99349
99349
99349
99349
99349
99349
99349
99349
99350
99350
99350
99350
99350
99350
99350
99350
99350
99350
99350
99384
99384
99384
99384
99384
99384
99384
99384
99384
99384
99384
99384
99384
99384
99384
99384
99384
99384
99384
99384
99384
99384
99384
99384
99385
99385
99385
99385
99385
99385
99385
99385
99385
99385
99385
99385
99385
99385
99385
99385
99385
99385
99385
99385
99385
99385
99385
99385
99385
99385
99386
99386
99386
99386
99386
99386
99386
99386
99386
99386
99386
99386
99386
99386
99386
99386
99386
99386
99386
99386
99386
99386
99386
99386
99386
99386
99386
99387
99387
99387
99387
99387
99387
99387
99387
99387
99387
99387
99387
99387
99387
99387
99387
99387
99387
99387
99387
99387
99387
99387
99387
99387
99387
99387
99394
99394
99394
99394
99394
99394
99394
99394
99394
99394
99394
99394
99394
99394
99394
99394
99394
99394
99394
99394
99394
99394
99394
99394
99395
99395
99395
99395
99395
99395
99395
99395
99395
99395
99395
99395
99395
99395
99395
99395
99395
99395
99395
99395
99395
99395
99395
99395
99395
99395
99396
99396
99396
99396
99396
99396
99396

code
99396
99396
99396
99396
99396
99396
99396
99396
99396
99396
99396
99396
99396
99396
99396
99396
99396
99396
99396
99396
99397
99397
99397
99397
99397
99397
99397
99397
99397
99397
99397
99397
99397
99397
99397
99397
99397
99397
99397
99397
99397
99397
99397
99397
99397
99397
99397
99401
99401
99401
99401
99401
99401
99401
99401
99401
99401
99401
99401
99401
99401
99401
99401
99401
99401
99401
99401
99401
99401
99401
99401
99401
99401
99401
99402
99402
99402
99402
99402
99402
99402
99402
99402
99402
99402
99402
99402
99402
99402
99402
99402
99402
99402
99402
99402
99402
99402
99402
99402
99402
99402
99403
99403
99403
99403
99403
99403
99403
99403
99403
99403
99403
99403
99403
99403
99403
99403
99403
99403
99403
99403
99403
99403
99403
99403
99403
99403
99404
99404
99404
99404
99404
99404
99404
99404
99404
99404
99404
99404
99404
99404
99404
99404
99404
99404
99404
99404
99404
99404
99404
99404
99404
99404
99406
99407
99408
99408
99409
99409
99411
99411
99411
99411
99411
99411
99411
99411
99411
99411
99411
99411
99411
99411
99411
99411
99411
99411
99411
99411
99411
99411
99411
99411
99411
99411
99412
99412
99412
99412
99412
99412
99412
99412
99412
99412
99412
99412
99412
99412
99412
99412
99412
99412
99412
99412
99412
99412
99412
99412
99412
99412
99420
99420
99420
99420
99420
99420
99420
99420
99420
99420
99420
99420
99420
99420
99420
99420
99420
99420
99420
99420
99420
99420
99420
99420
99429
99429
99429
99429
99429
99429
99429
99429
99429
99429
99429
99429
99429
99429
99429

code
99429
99429
99429
99429
99429
99429
99429
99429
99429
99455
99455
99455
99455
99455
99455
99455
99455
99455
99455
99455
99455
99455
99455
99455
99455
99455
99455
99455
99455
99455
99456
99456
99456
99456
99456
99456
99456
99456
99456
99456
99456
99456
99456
99456
99456
99456
99456
99456
99456
99456
99456
99510
99510
A_c454
A_c328
A_c26
A_c454
A_c108
A_c26
A_c106
A_c108
A_c338
A_c106
A_c338
A_c28
A_c109
A_c28
A_c107
A_c109
A_c466
A_c107
A_c328
A_c466
c60
c27
c159
c26
c159
c417
c27
c27
c205
c159
D7210
D7140
G0108
G0270
G0101
N_c533
N_c26
N_c27
N_c26
N_c27
N_c26
N_c27
N_c159
N_c27
N_c26
N_c155
N_c26
N_c27
N_c159
N_c27
N_c27
N_c26
N_c155
N_c159
N_c159
N_c27
N_c155
N_c155
N_c155
N_c155
N_c155
N_c27
N_c27
N_c159
N_c27
N_c60
N_c159
N_c28
N_c60
N_c60
N_c27
N_c28
N_c60
N_c60
N_c159
N_c28
N_c26
N_c28
N_c60
N_c159
N_c60
N_c27
N_c159
N_c28
N_c28
N_c60
N_c159
N_c26
N_c27
N_c28
N_c159
N_c159
N_c159
N_c159
N_c159
N_c159
N_c417
N_c60
N_c205
N_c159
N_c27
N_c159
N_c27
N_c26
N_c27
N_c27
N_c26
Q_c67
Q_c68
V72.4
V24
V22.2
V45.5
V72.41
V25.03
V70.8
V70.6
V25.01
V70.0
V70.3
V70.0
V27
V70.3
V70.3
V69.2
V70.9
V72.41
V22.0
V27
V72.4
V25.01
V22.2
V70.5
V70.3
V24.2
V70.8
V25
V70.9
V70.9
V70.9
V61.6
V70.8
V70.6
V72.4
V25
V28.81
V70.8
V24.2
V70.8
V22.0
V70.0
V72.3
V24
V70.5
V70.8
V70.9
V70.9
V70.6
V70.9
V70.8
V70.6
V70.6
V45.5
V72.3
V70.5
V70.3
V28.81
V28
V70.9
V70.5
V70.8
V24
V70.5
V70.8
V70.9
V61.7
V70.0
V70.5
V70.6
V70.6
V70.3
V70.6
V70.5
V70.3
V70.3
V27
V61.7
V70.0
V28
V25.09
V70.6
V70.0
V70.5
V70.8
V70.0
V70.5
V70.6

code
V61.5
V70.0
V70.3
V70.8
V70.3
V70.8
V70.3
V70.0
V25
V61.5
V72.42
V25.09
V70.9
V70.8
V25.02
V70.3
V70.0
V70.5
V70.0
V70.3
V28
V70.5
V70.5
V72.3
V72.42
V22.1
V28
V72.40
V25.02
V70.6
V70.5
V25
V70.9
V70.0
V26
V70.0
V70.0
V61.7
V70.9
V70.8
V72.40
V26
V28.82
V70.9
V25
V70.9
V22.1
V70.3
V72.4
V70.0
V24.0
V70.6
V70.9
V24
V70.8
V70.9
V70.8
V70.8
V61.5
V72.4
V70.6
V70.5
V28.82
V24
V28.3
V70.6
V70.9
V24.0
V70.6
V70.9
V69.2
V70.3
V70.6
V70.8
V70.8
V70.5
V70.8
V70.6
V70.5
V70.5
V28
V69.2
V70.3
V70.0
V28.3
V26.81
V70.8
V70.3
V70.6
V70.9
V70.3
V70.6
V70.8
V61.6
V70.3
V70.5
V70.9
V70.5
V70.9
V70.0
V70.5
V70.3
V70.0
V70.0
V26
V72.32
V61.6
V26.81
V70.9
V25.03
V70.5
V70.3
V70.6
V70.3
V70.5
V45.5
V70.0
V70.6
V70.0
V70.6
V70.0
Z12.72
Z00.3
Z00.11
Z00.11
Z00.1
Z00.1
Z00.71
Z00.71
Z00.7
Z00.7
Z00.2
Z12.4
Z00.2
Z00.10
Z00.10
Z00.8
Z00.8
Z00.70
Z00.70
Z00.3
